[Rotation_Grad]
Rot_X=-179.8087185
Rot_Y=0.0312299
Rot_Z=0.5651316
[Shift_MM]
Shift_X=5.7870185
Shift_Y=170.1200734
Shift_Z=-24.8173580
