[Rotation_Grad]
Rot_X=90.1553395
Rot_Y=0.4855075
Rot_Z=-0.0704732
[Shift_MM]
Shift_X=6.0076733
Shift_Y=44.9520426
Shift_Z=-265.2261194
