[Rotation_Grad]
Rot_X=-75.3930438
Rot_Y=89.6729660
Rot_Z=-165.4610900
[Shift_MM]
Shift_X=-176.9457746
Shift_Y=23.3437306
Shift_Z=-43.1506159
