[Rotation_Grad]
Rot_X=108.1467046
Rot_Y=-89.6117972
Rot_Z=-18.1050558
[Shift_MM]
Shift_X=177.1608067
Shift_Y=23.1634387
Shift_Z=-29.9958552
